0.0
0.0
0.0010030269622802734
0.0
0.0009984970092773438
0.0019822120666503906
0.0010161399841308594
0.0019986629486083984
0.001982450485229492
0.002998828887939453
0.002997159957885742
0.0029981136322021484
0.001997709274291992
0.0059986114501953125
0.0029959678649902344
0.003997802734375
0.00401759147644043
0.0029790401458740234
0.005995988845825195
0.0049953460693359375
0.006995439529418945
0.008012533187866211
0.004997730255126953
0.008977174758911133
0.0069925785064697266
0.008013010025024414
0.022968769073486328
0.019008159637451172
0.006977081298828125
0.007993221282958984
0.009994745254516602
0.013972997665405273
0.008011579513549805
0.01598358154296875
0.019988298416137695
0.022984743118286133
0.015993833541870117
0.02396678924560547
0.020990371704101562
0.011011362075805664
0.011994600296020508
0.021970272064208984
0.02298736572265625
0.021004676818847656
0.024965524673461914
0.026987552642822266
0.015989303588867188
0.018008708953857422
0.015973567962646484
0.024985790252685547
0.027966737747192383
0.020992755889892578
0.032965660095214844
0.032980918884277344
0.038977622985839844
0.04297661781311035
0.05996847152709961
0.06496500968933105
0.06595993041992188
0.03198361396789551
0.0619664192199707
0.07296133041381836
0.05596637725830078
0.05097079277038574
0.0319826602935791
0.03997611999511719
0.0519719123840332
0.06695985794067383
0.03797554969787598
0.06696033477783203
0.0339810848236084
0.05998516082763672
0.059946537017822266
0.05595064163208008
0.05796480178833008
0.06997966766357422
0.07495927810668945
0.050972938537597656
0.06598258018493652
0.04499173164367676
0.07095956802368164
0.04297590255737305
0.06594491004943848
0.06794381141662598
0.07593393325805664
0.07393813133239746
0.07497715950012207
0.07597470283508301
0.08093380928039551
0.08197307586669922
0.0579681396484375
0.09694218635559082
0.061964988708496094
0.07997393608093262
0.08894634246826172
0.06096196174621582
